2888
3453
3572
3497
4243
3851
2059
3378
4396
2976
2209
2769
1761
1787
4298
3029
4762
3883
4349
2984
2656
2500
3584
2304
2750
1681
4288
4305
3401
4644
4237
4411
1922
3773
2144
3507
3531
2490
2445
4043
4237
3120
2825
2971
2452
4100
2565
3229
3978
2362
5604
3212
4174
4274
2960
2676
4871
2839
2172
4134
4394
3823
4402
3844
2262
3211
3717
3183
4269
2834
2278
3701
2018
2344
2099
4803
2849
2651
4227
2118
3918
3261
3600
1984
1906
2799
4992
2796
1412
3034
2506
3784
2812
3030
1493
2762
3930
3140
1607
3932
3491
2176
2442
2942
2000
4243
2377
3049
3229
2685
2812
4591
3238
2957
2784
2686
3147
4906
2607
5078
2825
1999
4412
3287
3005
2798
4264
4387
2590
2572
3811
3590
4032
1841
2061
3528
2539
4825
4601
2509
3021
3918
4179
2792
4191
4367
2237
4001
3447
1549
3306
2729
2463
3851
2247
1953
3562
2231
3519
2240
3658
4115
1589
4486
2233
4097
2987
4438
3986
4442
2280
1811
4351
3911
1470
3768
2446
2305
3440
2506
4948
4319
2024
3345
3827
2892
4361
2942
4576
2500
3465
3589
1974
4396
4602
2861
3117
4942
2086
5054
3383
3515
5714
5585
4282
2435
3488
2700
2479
2578
4901
4851
3458
4871
4301
3213
2400
3562
3449
2633
2201
4177
4769
3586
3402
3327
3692
2595
3699
4033
4016
2822
3002
4138
4529
4701
2493
2159
2950
3357
3446
2630
2510
2296
4114
4718
3769
4268
3247
4489
4225
4572
3081
2684
4293
2792
2328
3588
3311
2777
3772
4157
2809
1880
4027
3574
4275
3202
3994
4575
3375
1753
4465
4153
2560
2580
819
4116
2588
2541
3357
2204
4427
4806
4177
4520
3912
1384
2932
4703
2506
1827
3913
4560
5312
4034
4030
3017
2285
2188
4572
2903
2832
3290
3742
3645
2943
4011
2954
3638
2763
3057
4178
2974
2243
4213
3630
4206
2580
1950
3014
3552
3056
3427
4187
3462
3520
3655
3585
2342
3817
4777
5090
4054
3426
3144
4037
3260
5054
4897
3511
2033
3291
4856
3955
1261
4452
2599
4236
4116
3501
3504
3021
4563
2377
3518
1434
4450
2819
2897
4218
4113
4405
2650
3900
4830
5540
4500
1946
1210
2835
5069
3026
3990
2187
2633
3696
3567
2957
2415
2934
3586
2891
2703
2501
3713
3028
4344
4001
3329
2784
3728
2663
2585
3050
1098
1994
2953
3056
4931
4065
2496
3985
2167
2328
1546
4345
4222
4388
4205
2863
3560
5196
1593
2700
2261
2429
3980
2283
3427
4993
3470
4534
4517
3636
1159
3860
2645
4584
5129
3090
3796
5047
4282
2307
3713
4235
3314
3685
2516
3936
4720
4042
4793
3102
5116
3988
3737
1875
5225
2175
1911
2972
3268
3304
5074
2788
3287
3323
1899
5509
2847
4507
3020
1057
3256
4227
4804
4178
3624
2427
4212
2764
4568
2493
3250
3574
3499
3290
4212
2711
5327
1290
4730
5156
2870
4921
3599
3742
3569
2262
3140
3457
4794
2803
3345
4679
3237
4143
3487
5157
2044
3685
2719
3402
4436
2527
3863
2906
4457
4247
4664
1083
4328
2783
1977
4427
4585
3230
3658
3476
3837
4694
3488
2358
4443
4447
4680
3919
3952
3988
2177
4273
1575
3869
4164
1353
3551
3112
4543
1778
2558
2681
4203
4582
4558
1726
3262
3105
4020
3442
4506
4444
1941
1807
1673
2360
2567
3723
4182
2312
4429
3997
3525
3281
5441
3944
4265
3138
2025
2080
3041
2055
2255
2863
4500
4104
2287
3804
3099
2575
4408
1078
3884
2216
3201
1142
2660
2810
2106
2483
2115
2614
3596
3049
2263
3671
4139
2542
3473
2847
4350
3773
1831
1184
2238
2460
3611
2211
3998
1617
3038
4837
5088
4150
4139
2532
2352
3985
4294
4308
1577
1979
4596
3295
3867
3253
3115
4772
3859
4916
4502
1905
1075
3868
3558
3485
3554
1869
2439
5232
4635
3564
2310
1834
2111
5075
3140
3550
3194
3174
4270
1795
3833
4427
2930
3179
3946
5183
3012
2470
4932
4657
3622
2193
4872
2092
3163
4724
4598
3245
3981
3709
3917
3482
1462
3845
5449
3717
4926
1569
3596
4410
1774
2861
3914
3280
3299
5341
3521
4378
3344
4718
3385
5178
4779
3473
3278
2011
1642
3361
2756
3299
3773
3004
1314
4043
1875
3359
3377
3434
2692
2163
2795
5011
4660
3890
4766
3274
4878
4278
3416
2275
2689
3101
4602
2509
1674
3159
2417
3281
5251
4683
4077
2842
3043
3510
2681
1719
5353
3703
5068
1880
2335
1754
3698
3043
2608
3571
3047
4407
2372
3640
2793
3491
2199
3905
3104
2688
3724
4765
1489
3531
3006
2760
1714
2625
2019
4923
3595
2196
3913
4135
3532
5122
2551
1777
2318
2436
3629
3272
4801
3818
3812
3475
1917
2256
2633
4050
4007
4460
2119
3235
2844
4104
3335
2274
2308
2650
2100
4990
1921
2505
1129
3649
4555
2543
4009
1635
3732
4481
5289
4226
2511
3121
4528
3234
1373
2530
2837
3040
3982
3031
4438
4682
3995
3519
1871
2987
4095
3361
4384
4822
3449
2884
1795
2350
2126
3806
4014
4045
4471
3254
2822
3585
2194
3688
2579
2987
3037
3756
4566
3196
2543
3743
3338
4555
1690
5011
4601
3594
2778
4822
4112
4452
3888
3821
4051
2523
2657
2045
1551
3085
3893
2639
2764
1507
2356
4447
1638
3908
2818
2684
2104
4168
2833
3550
4106
2370
2707
3233
3757
2970
3117
3953
3359
3656
3810
4382
3878
5117
5062
4674
3632
4621
2378
2416
4739
4632
2413
4757
3824
2496
3908
3514
4460
2016
4194
4304
2207
4061
3126
2796
3375
3738
2377
1808
2824
3971
1583
3947
2478
1763
2848
4401
2099
2466
2124
3117
3637
3367
2515
2184
2990
3560
3354
1708
3215
4506
2909
1846
2756
4629
5181
4714
1569
2250
2835
2149
2653
4232
1749
2369
4485
2611
2600
3163
4684
1923
4014
3509
5003
3834
2159
4755
3492
4055
4096
2710
3132
3167
3035
4191
3834
2392
2568
4518
4080
3819
2991
3277
5415
3614
1493
4513
2859
3619
4352
4025
2379
