1000
1379
1118747214
930818207
1250
662802186
316
1914281815
422763826
1655
1550900588
2016
2147483647
513
1106
1946
815023114
2085
114
1188020536
816
484
114837505
1093226388
131
1460106652
1930443235
1732
882283680
459
504
1467
642303391
1776
208
1
1370087993
542389460
170155769
358776458
1593
2001240814
1338
1722845544
1603861545
1036
1323373764
1670
1784
439
1283
1770287032
1839
31
1027801700
960
2117213645
1068001725
666
1879
1910903303
495445189
1530739091
647671880
1847
286969490
1306
1514709042
1793960227
785069413
1178
656
666178772
814
746
704
559
553334160
1540776207
177191270
590099291
1698
1396
525
2109
1839
1583196218
468
1330521009
670
1598335597
1756302847
938
2113749301
933799870
1386
1356547554
214183630
719039024
1312280069
1529
1622
1510
1957716803
184757768
1895
1064
217
2
119530038
751465976
1217285112
1813
734
285
1807438266
1814476117
651165146
88174902
1929554270
50063068
2039
1736391443
924
975679738
504889166
876
347
1974
275
13
2146913088
1473137736
1265805887
1998
499
184757768
21
1418
1904813840
205776804
1098240154
609
1692825162
140
1664562748
1263718862
1248860020
1629853401
1917302701
633
571162839
581641814
1220
450
323429685
1327753001
587390048
1451892183
306273710
1753128064
288432159
2058147421
373388386
1780
562
1954284224
2120482407
1349
1473
1138765136
739
1843
1662413965
2090112008
679696104
274515273
1369
1048360575
119239941
1599816772
574672869
145
303
496
1895098073
226
675836447
1780118407
1102
1527345490
1831
467
847
476
1914683382
1220590200
2084
1845
1112899543
2134916567
383242925
36
1562
776372593
86737463
1234
399270062
748597333
880
995
973344671
699
1992
1686
1057346988
105598281
2034915556
97935001
424445444
625839387
905473350
1130
1806
1769674006
668
1943
1255
632618265
1169470952
2106
1743264278
607
618745685
456484099
1952245606
92
655
1812
546597356
1068
922818885
648
2110278307
1359
1715846098
1932122500
479874063
1486
1596
150
1940937028
638452834
318
1465321653
65469723
1789419826
1324
975
489195156
1242864101
1351687938
977
909
910924459
653
2069163851
599
414277276
1516
1126
1993039613
1520841266
1985041956
1414
606990988
427
1308
519
945861048
157
1662529703
329770527
258
1915164737
1015017101
175545004
832803315
1973
410256791
1451081764
1021710019
929
54185550
2077960581
417
838318414
867
783061810
579
2083
785878151
325557871
12
241844129
1167311940
1602437211
1808630518
1776351500
1699973738
873
340
675
1869
1362
1728
1433621280
1673
692
1814808922
521178242
398495442
1355
1880836329
1362171307
791649731
1355866982
1749
1152
928
1007938812
1234678613
46
1437117520
1371
764
518
1048038687
69480026
405872434
919
745
364241047
1027238131
887888955
1780729840
735199188
1166019222
1059
108
1325903633
166960620
104
1189442437
1691338210
1451158254
1983987865
944023188
879168533
2027
1331
1206100961
78
800430993
1016
47569206
1877368059
315945061
1812124041
2068427575
1263751588
1741094463
57538096
387023684
1842
1024
2131974678
547165633
891084349
71
1699
2125918162
228562644
989
1185
1125
2117668247
799
662
820773493
2040
716264358
1307
583
957
1990564020
1323237016
1810488007
845926938
1837679434
2087910951
945709449
1453598135
155500968
1584521546
630693146
1130450955
1865
216670868
1409498027
1258843975
480420997
793448820
90
1662635241
120758729
757
675120144
1597782073
298
951
127969098
1780290477
610
1916
840
1519
1040
1527
1923
517
589
498
805434888
2050
1976192139
345088716
2094636462
1073
173266763
964
2147282222
620076541
401811769
995830501
1897615064
356411097
1571
1924996383
1552
1737
1427058352
1406459410
244
1733
1989842677
1368953015
490
2010
242
675329408
1858113024
435
1989430316
338767559
75
165677972
1065763380
1487368945
2117922969
1869226237
914
2054
208268510
37706515
93417466
1321848637
923935321
1962
722293435
1577178620
178156062
1011068539
1904
1528
1375086991
491808981
1841
1951
2092
1944617400
1502444104
1492436255
164
1246
845814605
1827
1763
973
1990859051
1075
125906873
1572
795160868
1621
1360
875420292
42
1482
302430250
2017
286251914
477442151
1752
1945028414
1171992618
1561
1575993013
1419076124
1293737513
1340
673215985
1227841
1905484636
1330
947
1448460523
2111462831
484431697
487533685
861940656
1430
1621805259
1573077202
750046066
1214
1762
1532
797
356
500817588
1377718074
1240
1677986587
1809404048
243
846
1478
478402440
1512
1423
2118906143
97
1707195435
228160263
666908017
1731524061
711976701
2037013747
591
1964
1829
28
679
1136
1207965155
525853720
31164588
465235430
171591412
43
1107
317
1138
1927606842
918
2099405938
1014640938
1653509856
2030
115
93640344
1092450579
1262587180
438
114325200
819814436
810137820
999
320
1049
631
85764999
894
1989458632
464
2068
51
862159838
1716509534
1311171222
1795
1550
1834625079
1954139915
1810
1735796161
1343
1181252247
1221442228
1157
1888
136860861
1055
473
255134152
1787010
564184960
1454
1672
1213177693
95
1374
597815364
1599869496
560892938
1759754186
102
572
749928290
2110
1113789709
1367766058
2063
1818358957
1203847841
312206648
1338485694
1581359172
1995282428
753918888
1009929835
322719365
1834
1928698708
141
432
1771667038
1657
1520457583
1966
560
1510614369
358425295
1801932023
970
1666
2105
257
1890
1498
2114853586
1271
135
2031
251
1264382197
2012
1067
1472319638
981615126
1417
1710392764
553
1197
1323631941
1070
1394617525
545288874
512
23
1218587168
1286
2110139576
943020066
890
199
1617071822
585
140041721
1089519905
1642268654
350378532
1085
1796
1113647349
1444242060
1084
2045
1416
530
1089
307043572
462267136
1246443536
556651677
455
81077035
913
467368167
145134993
963328397
213
645181490
1436073056
1296282783
14
819
1033350417
1092319952
1866808387
544
2025
922973072
667119112
1183
915953790
1228
1988828311
613976729
975905977
1786
624140929
931
803
454900807
344679660
275352587
158321830
892696573
22215319
952
1512991574
1352
221176950
1599466566
84
364
139
622
1252
1324308547
1612
831
304
708
945
773
1354831639
1216629779
282
1984
870
983902328
405
1419
1983
154596079
1355822490
1873
283859487
427844224
1910197956
563
2075678741
2033
247615694
523989507
1861442294
212288515
1384747744
772560392
1155833718
1295
652684603
1326502862
126
28390503
479
1022
698048336
851794863
1467649670
1424
1038
1062193922
1796874877
592
1039
1584
1819
939543709
299
196
430
332
1272576518
560315221
1319
1188
177
2145390561
2099
1297327581
1010
443351921
1490837242
1722882259
516348731
2115160036
2021913563
1214156580
1455294141
349802994
1721888835
877473896
377
48418495
1618830394
760
1761481173
1066
321741050
2088
1676
382
185055231
1882
1381352364
344
2137235527
287
1262
200
254
2116
2114
1803
940593499
18562431
1652500989
989425176
549884820
1689659158
790311897
1508772988
864
987527322
975569125
244392794
659531684
1941
1722
1751644901
619962724
789
695
1325234558
890784395
1304676413
650
938249636
1916178343
8438461
573
1579
456797035
1092299442
2028736664
245457330
724278119
1570016219
2124358351
1464173664
237176401
1325508116
152847474
809461461
2027861395
1110
811797592
1680020095
493
1525
1759
1269
2017662931
235048046
210991886
569
1234636320
2022
16
1648
1279819469
436
144
393042188
1513124129
1892518998
123636636
1268
549804024
456
1958
566
480
1903
755793311
651450908
60144139
1717
1256796076
1248
1158
783169011
1171041312
773307624
1030461314
1828
1567
521
1530
823
106
1622290512
1035
1439
1685178005
593905735
2021
1899
1930
1003567724
1461
1512347708
1184496076
485
677400620
241971086
711
603
1818931941
1627911109
1491
1045432390
1114919534
1944
581991444
785882513
987
1078718493
2018
1268886518
1475132650
290
939
702
1494
391
716
183904065
542
800
463
1012442779
155129836
1389
1775715221
753078863
1495323948
342
1496
1076088025
1226
2137085902
1740544929
67
1754697016
1785935095
1332443194
68474725
279
2102340249
996754749
32
1061035327
1799706290
421182028
1148081884
1930186010
