1000
230
740
679
842
236
266
151
811
751
684
376
933
867
75
759
53
999
602
182
697
365
709
835
424
553
860
497
106
899
85
224
389
897
791
321
478
560
901
420
150
499
514
636
902
844
425
718
459
594
113
722
812
96
202
463
960
48
585
565
253
837
503
965
406
458
705
62
86
528
964
186
95
671
143
725
203
849
245
990
432
107
644
541
156
357
67
52
21
702
659
975
10
139
168
535
641
125
246
479
532
998
433
35
881
438
445
647
120
681
613
491
249
870
278
412
862
200
556
894
378
94
827
137
142
963
42
286
789
181
910
784
111
210
841
521
409
878
206
370
524
600
72
243
351
283
728
410
792
744
352
119
974
726
874
595
701
130
437
450
663
123
790
821
804
825
1000
305
939
287
384
164
719
338
77
135
752
104
306
642
260
240
467
945
12
391
629
571
166
334
411
8
505
353
989
570
6
592
155
599
550
567
536
54
343
660
108
889
969
617
501
852
971
991
385
909
145
579
903
548
176
32
262
665
358
706
581
954
943
124
667
771
309
390
654
783
925
916
762
942
633
753
226
49
447
7
233
768
944
765
414
101
78
318
574
469
472
540
191
661
109
526
615
946
494
218
544
328
477
99
367
764
291
953
836
398
760
498
87
342
603
686
800
223
566
562
177
258
208
906
720
190
269
354
347
680
799
60
883
739
626
763
64
434
970
268
856
914
956
244
280
349
33
82
58
476
128
39
381
649
691
76
47
407
923
798
175
904
692
270
918
608
285
745
743
738
57
326
635
148
272
993
512
327
69
955
961
103
895
831
336
324
427
294
927
229
769
658
834
27
822
127
453
766
830
46
843
978
255
826
612
742
707
648
303
341
304
457
277
533
348
163
996
24
623
640
625
877
360
806
316
242
211
213
995
118
829
818
511
329
192
170
854
368
355
573
754
297
372
711
386
519
823
520
153
129
284
4
622
655
732
482
803
442
350
924
607
461
502
786
500
864
815
392
900
274
388
637
891
183
614
819
618
30
568
91
80
761
880
56
577
805
394
795
34
383
194
929
395
968
749
717
112
986
98
446
413
780
371
474
462
290
126
369
876
858
9
59
727
340
833
487
440
105
616
632
20
117
40
580
866
952
994
959
345
669
401
335
869
333
561
167
698
808
359
774
589
217
408
893
265
68
147
797
1
905
418
794
782
879
557
273
296
873
199
813
703
604
712
141
522
100
807
439
404
483
934
983
63
857
576
90
513
197
356
510
509
423
639
292
397
935
154
847
563
173
471
481
38
888
758
116
300
110
241
74
611
430
973
51
237
529
396
591
645
65
314
508
820
144
293
17
31
310
215
363
417
252
180
322
775
480
15
619
187
816
216
256
721
542
28
238
422
694
672
980
55
976
596
23
436
713
919
781
93
583
429
875
523
674
207
468
44
609
251
88
653
610
178
817
18
460
89
131
590
231
428
267
254
569
586
865
938
643
809
161
234
162
441
84
527
146
885
19
915
588
656
651
452
948
882
676
733
538
13
855
79
601
578
678
907
704
36
344
785
295
299
868
373
2
699
73
298
320
486
668
415
149
539
652
247
551
801
302
552
911
734
16
261
464
289
330
209
248
750
136
495
331
263
646
930
988
271
198
43
776
666
114
683
696
405
631
276
375
488
492
29
201
403
122
546
134
214
767
650
5
987
840
490
179
871
962
443
435
985
515
951
677
380
926
159
525
741
779
14
504
673
81
431
121
257
308
364
534
598
839
716
169
940
793
731
66
174
746
325
558
992
851
332
770
362
984
465
41
70
747
319
454
311
700
275
582
689
160
941
152
997
235
281
872
853
920
912
620
115
922
908
382
250
97
695
714
772
729
185
195
796
634
138
496
549
517
83
662
339
205
102
628
735
317
814
802
184
402
572
531
264
675
518
26
972
755
913
748
323
693
886
838
537
928
958
932
451
225
11
379
554
279
507
473
455
221
71
366
301
426
337
936
516
470
313
584
605
232
757
979
227
315
723
22
597
448
848
204
593
917
670
756
282
688
259
400
921
685
884
715
664
393
543
37
228
824
587
861
982
564
981
172
416
493
898
212
387
624
419
863
850
828
157
50
845
736
506
189
456
737
710
165
890
288
140
778
730
621
787
312
892
777
949
466
222
484
158
61
606
708
132
630
399
937
346
967
475
682
489
931
687
859
133
307
957
947
3
219
575
788
361
421
193
559
555
171
374
547
45
92
887
188
832
846
196
966
449
950
444
638
25
627
545
977
724
239
896
773
690
657
485
530
810
220
377
