50
-4425 3590
149 -2734
-3711 576
4096 231
-1165 2476
1217 -3122
-3820 -1294
3238 2624
2537 3329
-1781 2483
501 3602
823 -864
1463 -3880
-4232 4470
3805 -2587
-4479 4501
230 -706
2143 -90
-4727 -3735
-1191 3525
4697 1828
2147 159
-4259 -2846
4029 240
-1209 -787
-949 -3141
-495 -2234
-1225 -670
-2446 3841
3272 3510
-3494 3521
-2728 -1602
2358 -3367
-4448 3520
-2383 -1160
-3024 4051
2014 690
158 3320
4060 -137
3395 4068
4935 -4082
193 1395
-22 151
-3997 2125
4944 -1344
956 4758
-1471 -1435
2593 2891
-3720 2236
-501 4904
