1000
488 441 542
690 215 953
581 770 289
731 384 536
722 760 557
792 592 291
234 441 475
562 368 956
901 730 233
730 229 328
398 435 145
532 153 867
224 334 421
151 370 594
952 417 608
205 858 698
957 694 503
967 148 686
566 988 675
258 658 894
237 645 655
466 480 142
565 656 577
535 209 281
179 797 619
256 220 473
926 601 308
658 938 455
189 990 854
825 706 757
636 809 711
895 730 266
298 131 766
837 391 480
186 640 306
588 460 823
536 599 725
464 357 384
688 131 119
826 504 557
783 533 822
292 628 988
506 566 175
401 802 164
325 412 653
883 269 913
589 157 484
426 576 799
898 194 896
473 109 725
974 978 726
368 933 242
924 308 786
849 581 565
262 877 420
586 162 594
816 884 655
215 972 250
578 131 176
861 590 371
859 519 779
607 631 740
891 659 411
683 651 493
385 369 369
752 107 741
820 524 209
258 819 771
748 884 257
336 549 728
475 243 367
812 257 751
180 405 668
360 426 412
450 118 513
783 743 968
287 517 954
515 176 754
672 920 371
434 220 376
917 170 827
497 386 998
957 112 505
120 451 722
337 289 317
475 590 194
770 904 874
316 661 526
155 260 427
288 947 276
117 707 741
857 381 451
622 344 258
707 366 177
330 130 243
326 623 538
564 969 300
445 729 347
351 156 242
697 721 399
630 339 923
210 681 184
435 305 527
580 131 940
169 567 359
803 641 552
388 321 571
434 708 331
529 685 272
285 772 286
525 527 183
718 755 927
856 154 362
367 669 518
513 488 269
536 250 578
231 894 666
998 643 626
370 697 103
718 992 940
765 157 216
405 288 208
807 508 975
651 546 242
436 754 189
474 494 388
802 639 580
787 740 546
139 730 713
271 819 121
402 819 967
696 700 102
899 189 957
269 390 254
112 501 723
578 681 432
462 376 401
712 940 809
877 499 972
279 580 512
788 230 197
622 686 680
670 895 379
655 238 351
878 715 127
806 533 883
212 358 885
720 826 189
797 201 654
224 285 307
402 675 750
484 353 571
323 672 150
493 976 420
231 306 942
340 280 373
463 831 511
235 332 862
438 837 531
291 373 621
421 856 683
938 240 821
205 327 320
704 934 506
481 272 246
685 905 232
635 284 514
588 907 860
813 462 623
804 557 916
420 339 342
144 215 949
605 952 632
509 727 930
184 272 374
512 762 708
496 170 618
251 574 404
583 732 227
592 261 208
944 828 460
646 810 761
201 299 823
264 893 767
805 332 748
550 538 166
870 582 587
570 498 236
653 941 735
169 698 597
453 937 232
473 942 286
148 640 250
768 646 800
817 605 941
200 805 651
356 945 159
908 719 780
383 186 565
838 790 960
528 673 453
999 138 242
936 967 972
978 855 941
707 809 543
529 196 456
749 191 859
581 346 265
363 251 888
613 138 463
810 820 831
706 991 751
899 287 187
833 774 824
892 564 497
408 907 175
359 605 113
348 866 786
723 533 214
431 382 576
544 184 201
636 776 717
874 802 543
914 281 282
529 753 309
295 970 502
513 789 575
197 744 516
955 304 226
596 679 887
427 930 875
435 628 261
558 547 234
793 704 351
909 431 940
977 658 454
594 146 419
414 366 185
293 983 105
849 325 160
543 552 713
218 696 584
467 457 195
262 478 554
980 470 234
878 840 404
750 401 717
545 991 651
613 431 546
832 572 849
626 900 547
939 434 887
207 791 878
683 188 259
826 500 815
434 656 178
258 384 786
924 209 398
475 691 504
664 257 271
941 306 337
619 663 974
480 361 647
125 649 207
594 827 591
663 423 739
592 951 597
331 739 731
798 324 952
918 683 455
457 913 178
180 251 711
856 819 259
912 436 545
207 700 539
573 304 253
104 158 191
613 862 553
288 473 778
372 214 997
738 156 831
252 537 374
690 778 801
994 460 904
911 524 396
712 778 828
625 679 679
106 390 286
491 566 327
968 523 753
122 937 266
169 395 530
790 336 871
848 633 750
963 761 901
731 450 941
706 640 632
268 801 611
545 106 438
152 652 428
609 888 969
472 624 239
303 799 325
718 288 560
527 675 811
798 352 547
803 106 322
782 719 227
241 818 595
623 721 327
144 750 831
333 860 338
844 761 124
614 368 396
160 747 269
854 642 367
539 843 327
849 343 973
487 506 107
249 484 235
555 212 925
492 740 596
714 400 114
396 622 995
719 752 526
646 351 822
398 930 466
725 525 430
977 222 210
549 124 447
656 720 409
861 605 984
964 640 918
920 394 506
834 311 302
560 568 328
857 584 298
645 255 815
960 694 786
945 890 282
418 831 595
425 313 132
523 677 368
883 636 935
660 573 829
143 257 318
886 570 654
144 837 493
813 741 315
658 716 710
764 299 611
507 636 711
421 661 436
692 954 579
192 553 695
703 421 567
338 151 118
919 505 683
468 572 271
277 794 478
915 624 225
549 885 696
764 775 563
100 792 766
788 369 798
811 728 941
945 977 751
845 534 897
310 275 466
173 161 369
318 857 167
804 953 751
235 873 575
878 473 410
256 566 287
155 896 376
615 783 285
865 312 348
491 560 364
455 265 520
199 720 897
656 453 712
354 644 541
562 436 145
367 302 796
843 289 606
668 330 364
715 731 737
956 367 399
475 781 342
596 305 386
955 301 261
193 670 744
260 833 139
356 493 996
132 234 234
281 183 785
385 731 336
214 852 710
851 905 568
790 601 493
421 376 481
608 817 527
241 467 510
543 189 321
134 316 512
936 437 663
545 895 797
711 751 753
770 563 769
748 145 329
639 743 157
988 727 778
141 351 468
675 167 341
178 775 177
480 286 417
725 740 325
494 163 475
643 625 248
962 858 391
691 209 979
941 737 237
718 854 655
500 973 190
101 327 202
791 596 295
178 895 321
904 498 876
901 821 784
258 901 514
557 810 505
952 774 643
805 757 353
418 213 627
563 870 284
732 957 125
957 153 137
984 257 219
114 759 656
718 487 808
872 932 240
804 588 454
731 980 640
460 486 750
881 844 785
844 441 574
574 865 285
415 176 278
988 797 667
404 258 447
307 223 544
433 388 897
652 565 182
413 762 541
934 656 960
578 156 742
419 743 544
847 121 540
147 463 532
973 940 710
746 226 157
855 484 974
581 507 263
193 103 272
545 387 847
670 879 459
979 746 375
639 806 649
485 943 283
162 475 991
902 528 450
190 671 852
877 690 557
108 857 455
307 904 521
522 893 222
967 248 102
271 941 595
712 890 296
279 577 720
966 838 753
190 215 290
987 583 603
918 704 994
220 850 510
942 796 503
444 911 445
523 751 671
813 238 654
588 140 218
198 916 714
379 967 386
757 970 583
245 679 710
448 898 205
923 861 188
240 952 613
728 663 633
205 992 888
938 979 385
290 390 394
948 175 491
312 440 903
640 447 588
595 973 705
647 223 140
717 569 574
383 796 165
712 727 867
546 919 771
863 667 741
152 179 269
912 323 946
546 181 783
310 428 191
939 559 492
784 939 355
820 192 386
687 394 809
400 716 844
493 696 966
727 856 801
699 507 377
238 742 160
889 456 864
760 905 357
821 848 521
502 811 791
734 536 678
839 684 103
439 145 570
803 621 622
313 157 322
574 955 237
648 752 716
191 135 510
721 203 982
819 239 177
807 588 946
249 103 825
102 820 612
437 321 728
880 580 403
997 677 237
778 698 828
196 498 142
307 999 343
394 675 573
622 956 242
600 717 208
793 933 261
867 667 509
126 695 173
388 178 287
251 139 642
386 206 790
412 597 137
711 709 172
934 523 334
134 605 700
755 792 580
852 273 895
654 644 275
518 573 581
899 878 988
943 401 313
999 470 328
315 742 709
120 508 649
225 607 191
493 382 798
419 238 322
351 477 248
200 784 695
885 555 735
913 203 959
435 267 448
788 546 348
559 660 102
502 216 637
759 808 515
120 242 234
541 711 839
207 518 559
229 925 664
118 243 302
180 926 268
542 390 404
281 377 509
450 193 747
167 510 594
114 752 768
323 826 975
577 216 886
480 161 501
360 854 883
643 674 862
185 883 221
430 774 635
301 600 744
847 767 275
688 387 935
150 372 637
237 152 169
257 399 669
375 233 869
802 194 817
393 208 616
937 361 465
332 236 149
265 759 725
866 769 701
977 897 363
524 863 852
810 570 569
613 258 177
398 249 660
667 553 878
903 350 885
812 844 184
215 161 610
112 563 517
854 879 276
465 697 506
734 678 309
102 981 985
547 247 980
887 576 959
781 441 634
912 698 784
634 925 750
123 281 974
102 185 399
886 369 472
577 828 171
954 193 237
852 201 596
280 188 653
317 370 748
960 815 722
773 729 858
725 610 169
457 297 345
154 331 710
180 509 553
948 982 267
528 347 862
921 264 259
194 927 758
626 295 706
964 279 820
358 163 395
582 899 289
985 393 686
705 215 385
379 674 694
836 222 994
973 861 542
336 574 856
212 616 602
746 860 974
840 945 247
766 289 746
490 144 435
898 714 750
163 490 623
810 219 295
830 989 256
969 475 741
710 236 643
808 350 857
968 215 375
359 988 864
610 759 134
169 294 367
540 949 327
945 813 988
799 329 662
760 949 748
151 286 544
726 351 716
739 696 801
269 230 507
675 351 134
853 408 539
770 213 544
351 913 420
935 940 656
284 927 815
848 681 472
485 487 915
998 397 930
599 486 616
907 920 617
745 820 904
340 774 905
638 415 534
192 497 441
120 389 504
783 385 242
386 416 766
556 439 753
634 455 961
255 740 759
197 216 291
656 865 345
130 299 887
644 548 331
654 438 539
472 694 630
266 695 504
161 701 278
490 541 243
893 867 598
757 875 639
932 282 530
787 754 897
387 698 717
955 637 739
856 602 506
583 414 839
208 661 329
452 441 451
271 644 1000
652 982 682
211 517 842
216 216 594
184 996 615
198 582 659
694 414 371
887 861 868
761 833 734
880 457 523
378 754 200
687 233 516
302 905 794
458 551 205
168 518 179
841 924 982
440 813 757
915 938 447
147 509 421
496 234 379
177 279 665
772 541 300
676 117 781
364 341 834
906 222 409
183 798 902
828 546 831
232 693 290
842 235 644
465 336 726
565 631 534
211 709 148
767 499 606
393 575 775
489 554 113
912 396 196
834 742 779
375 119 126
683 675 132
595 197 827
538 308 530
107 293 807
158 897 357
449 216 240
991 887 176
689 418 692
378 157 748
492 763 911
701 690 652
556 682 500
745 994 899
329 483 598
230 295 497
109 845 301
156 577 814
580 692 505
262 984 518
904 984 121
486 767 826
740 476 640
358 1000 401
255 426 300
138 668 506
529 420 206
631 930 297
626 681 767
693 995 391
138 639 427
354 670 833
413 455 695
570 780 834
616 292 903
247 606 321
110 580 818
215 839 327
464 154 400
971 903 271
384 319 131
479 211 646
192 178 197
999 148 356
887 516 862
596 185 385
882 485 393
335 211 208
654 505 760
829 940 114
822 957 909
922 480 500
689 118 208
551 675 118
683 777 925
309 722 863
217 150 422
389 542 279
253 911 256
466 734 174
553 990 343
324 644 771
880 444 910
798 672 944
729 633 542
701 304 808
165 570 236
823 136 246
920 616 103
385 649 908
969 406 665
885 739 689
661 336 794
287 687 649
295 202 506
269 422 699
208 543 416
647 501 863
590 629 986
793 741 184
948 544 539
648 226 858
420 556 450
713 576 294
295 217 875
664 414 868
519 231 560
618 271 591
593 262 734
635 627 597
948 378 966
896 181 146
132 950 247
561 538 984
337 800 727
973 399 838
104 409 560
829 891 742
747 980 400
449 861 525
449 530 371
812 793 800
966 203 808
901 598 553
497 711 975
862 161 913
583 814 674
228 518 803
360 290 997
231 468 416
145 496 124
413 775 296
602 656 775
631 219 308
206 718 710
237 192 412
408 159 814
615 850 902
313 153 393
689 713 415
624 334 278
465 277 735
273 184 917
953 558 193
493 191 972
680 275 960
854 605 334
391 203 791
186 901 347
842 113 481
688 714 265
617 429 261
398 780 363
880 275 763
790 306 377
882 319 372
568 840 426
768 746 586
744 575 496
992 615 911
992 639 808
660 957 780
559 630 695
836 754 605
587 126 365
388 420 412
974 737 343
708 835 838
423 459 226
889 932 226
858 483 284
299 447 705
590 891 356
350 863 738
905 723 299
194 332 770
913 612 231
532 905 898
457 175 486
731 829 210
637 207 801
556 458 212
566 339 999
709 546 519
492 230 441
196 295 630
167 791 741
427 873 944
168 424 231
432 956 739
375 466 421
237 313 426
126 913 644
951 324 900
213 549 362
488 219 564
118 746 278
584 593 179
769 326 678
724 275 645
521 369 214
260 638 128
572 231 812
513 545 931
604 453 636
276 305 270
545 506 568
698 983 446
330 824 271
398 260 132
519 522 155
948 741 303
972 851 563
909 874 239
320 195 219
374 199 730
416 654 279
377 258 502
249 592 722
869 614 397
275 334 256
443 224 592
936 405 867
222 620 705
276 422 928
325 790 608
862 774 550
355 173 512
536 851 704
577 652 474
952 898 351
419 981 615
321 491 214
944 730 463
450 987 168
872 236 967
794 554 606
660 305 120
646 510 174
573 253 942
456 668 331
706 917 239
585 753 573
361 284 741
212 908 116
805 699 705
634 590 998
746 676 229
250 965 311
665 350 582
868 942 927
508 912 266
222 321 185
758 974 291
364 529 709
575 538 818
602 889 768
695 848 244
161 650 596
